23.099999999999994
94.79999999999983
61.50000000000007
42.30000000000002
57.30000000000005
54.00000000000001
80.70000000000012
53.10000000000001
24.59999999999999
59.40000000000006
105.90000000000015
23.699999999999992
30.30000000000003
54.000000000000036
47.700000000000045
19.799999999999997
43.79999999999998
23.10000000000001
73.20000000000009
76.49999999999994
44.10000000000001
32.39999999999999
29.099999999999987
38.099999999999994
93.60000000000005
57.30000000000001
23.4
30.89999999999999
17.999999999999996
18.899999999999995
34.49999999999999
54.60000000000002
42.300000000000004
25.799999999999994
23.999999999999993
20.999999999999993
46.200000000000024
56.700000000000045
24.59999999999999
72.60000000000012
22.49999999999999
49.20000000000003
25.499999999999986
17.399999999999995
50.10000000000003
55.20000000000007
56.40000000000002
15.299999999999995
70.50000000000009
41.100000000000016
26.699999999999996
71.99999999999999
21.599999999999994
48.89999999999997
22.79999999999999
39.300000000000004
51.30000000000001
26.70000000000001
58.500000000000036
17.099999999999994
95.69999999999997
73.50000000000004
21.6
59.100000000000044
52.80000000000001
67.80000000000001
32.69999999999999
54.000000000000036
20.099999999999994
22.799999999999994
56.100000000000044
65.10000000000007
17.099999999999998
80.39999999999993
31.799999999999986
23.69999999999999
72.00000000000007
107.69999999999983
33.89999999999999
61.50000000000001
16.799999999999997
41.10000000000001
24.299999999999994
70.50000000000006
15.899999999999997
52.800000000000026
20.699999999999992
39.29999999999999
18.299999999999994
25.499999999999993
47.99999999999999
23.699999999999985
18.299999999999994
23.699999999999992
24.899999999999984
16.499999999999996
64.80000000000001
33.89999999999999
38.100000000000016
21.299999999999994
31.499999999999986
22.199999999999996
45.600000000000044
55.20000000000004
92.4
31.799999999999983
31.200000000000028
59.40000000000004
49.20000000000001
27.60000000000001
83.10000000000008
37.50000000000002
75.29999999999993
15.900000000000002
16.799999999999997
36.3
19.200000000000003
17.999999999999996
64.20000000000003
19.799999999999994
40.79999999999999
15.899999999999999
65.4
22.499999999999993
16.799999999999997
71.70000000000005
71.40000000000005
55.20000000000003
100.20000000000013
47.100000000000044
21.599999999999994
15.899999999999995
33.90000000000001
26.09999999999999
43.79999999999997
29.09999999999999
47.10000000000003
18.299999999999994
20.099999999999994
22.499999999999993
51.59999999999995
30.299999999999997
15.299999999999995
18.900000000000002
45.90000000000002
23.399999999999984
18.299999999999994
33.900000000000034
40.80000000000002
47.100000000000016
51.30000000000001
47.40000000000001
20.699999999999992
26.699999999999996
21.900000000000013
20.400000000000006
23.09999999999999
20.699999999999992
76.50000000000009
47.09999999999999
52.20000000000001
22.499999999999986
26.399999999999988
48.59999999999996
19.499999999999993
86.10000000000008
24.29999999999999
25.499999999999986
23.699999999999996
33.90000000000002
36.59999999999999
29.099999999999987
58.19999999999999
18.299999999999994
18.599999999999994
47.40000000000003
75.00000000000007
34.800000000000004
25.49999999999999
21.89999999999999
72.29999999999994
27.599999999999987
35.700000000000024
68.40000000000005
23.69999999999999
21.299999999999994
48.00000000000001
22.19999999999999
17.699999999999996
20.399999999999995
17.999999999999996
43.500000000000014
29.699999999999974
27.899999999999995
52.2
37.79999999999999
20.699999999999992
19.2
19.499999999999993
20.399999999999995
51.300000000000004
34.8
49.80000000000004
23.099999999999994
64.20000000000002
21.299999999999994
29.09999999999999
21.59999999999999
59.400000000000084
20.700000000000006
19.799999999999997
73.80000000000005
30.900000000000016
20.7
63.00000000000004
19.499999999999996
42.900000000000006
18.299999999999997
19.499999999999996
41.40000000000001
23.99999999999999
21.299999999999994
36.9
41.70000000000004
40.50000000000001
20.699999999999992
19.199999999999996
15.899999999999997
38.999999999999986
78.00000000000013
50.399999999999984
100.50000000000006
45.3
72.00000000000009
42.30000000000001
44.09999999999998
20.100000000000005
25.499999999999986
42.300000000000026
21.89999999999999
42.300000000000004
21.599999999999994
42.9
43.20000000000002
21.000000000000007
44.400000000000006
63.900000000000084
69.89999999999998
18.599999999999994
20.100000000000005
81.90000000000009
32.99999999999999
21.89999999999999
34.5
58.50000000000005
44.70000000000002
14.699999999999998
41.70000000000001
61.50000000000003
20.099999999999994
20.700000000000006
38.7
43.80000000000002
60.30000000000001
42.300000000000004
21.299999999999994
21.599999999999994
39.900000000000006
38.400000000000006
41.10000000000003
38.4
29.100000000000012
36.6
44.40000000000002
44.1
67.20000000000007
15.899999999999997
27.9
46.50000000000005
26.99999999999999
17.099999999999994
41.699999999999996
53.10000000000004
20.999999999999993
20.999999999999996
41.10000000000001
15.899999999999997
21.000000000000004
38.39999999999998
19.199999999999996
34.199999999999996
24.299999999999994
66.90000000000003
53.699999999999996
14.699999999999996
55.50000000000006
17.4
20.399999999999995
17.1
68.40000000000005
19.199999999999992
85.19999999999987
17.099999999999998
20.4
22.499999999999993
15.599999999999996
23.99999999999999
41.1
46.80000000000003
52.20000000000005
16.5
18.299999999999994
41.10000000000001
27.599999999999987
71.69999999999993
48.90000000000002
77.69999999999997
45.89999999999999
19.799999999999994
22.799999999999986
20.399999999999995
45.59999999999998
64.50000000000006
75.30000000000007
23.09999999999999
52.50000000000003
15.899999999999995
20.999999999999993
21.89999999999999
54.000000000000036
92.39999999999979
24.29999999999999
68.10000000000005
19.499999999999996
60.00000000000002
18.899999999999995
22.499999999999993
26.69999999999999
46.50000000000002
18.599999999999998
18.899999999999995
48.60000000000002
26.09999999999999
99.90000000000016
50.10000000000006
39.0
45.00000000000001
20.999999999999996
21.599999999999994
37.2
54.60000000000004
15.599999999999998
16.8
20.09999999999999
54.60000000000004
57.30000000000004
27.90000000000003
19.799999999999994
22.800000000000015
18.899999999999995
22.800000000000008
60.000000000000036
30.29999999999999
53.69999999999996
24.599999999999994
50.40000000000007
65.70000000000005
42.599999999999966
24.599999999999994
55.200000000000024
19.499999999999993
32.099999999999994
76.5000000000001
85.80000000000013
59.70000000000002
28.799999999999983
46.500000000000014
63.00000000000008
19.199999999999992
56.10000000000001
25.499999999999993
17.999999999999996
23.39999999999999
38.40000000000001
37.79999999999999
36.6
22.799999999999994
17.7
21.599999999999987
52.200000000000024
20.099999999999994
40.50000000000002
20.999999999999993
54.00000000000001
15.299999999999995
40.80000000000002
27.89999999999999
32.09999999999999
39.900000000000006
55.800000000000026
32.10000000000002
17.699999999999996
33.29999999999997
44.70000000000001
70.20000000000006
36.59999999999998
44.70000000000003
20.099999999999994
38.39999999999998
58.20000000000007
18.299999999999994
44.400000000000006
30.299999999999994
33.29999999999998
26.400000000000006
21.299999999999994
46.20000000000002
17.699999999999996
17.4
57.9
43.20000000000002
59.100000000000044
20.699999999999996
16.499999999999996
17.099999999999994
18.0
19.499999999999993
24.300000000000008
19.199999999999996
35.399999999999984
20.39999999999999
23.09999999999999
50.40000000000003
63.00000000000005
32.7
73.19999999999993
93.00000000000009
22.19999999999999
69.3000000000001
37.5
24.900000000000006
43.500000000000014
91.5
31.5
72.2999999999998
46.800000000000026
22.499999999999993
56.10000000000001
15.899999999999995
38.400000000000006
48.89999999999999
52.19999999999998
48.90000000000003
56.40000000000002
93.60000000000008
27.599999999999994
65.70000000000005
41.39999999999999
60.300000000000026
74.70000000000003
19.499999999999993
62.40000000000009
18.899999999999995
34.49999999999999
23.700000000000003
41.099999999999966
32.99999999999999
18.600000000000005
92.10000000000008
18.299999999999994
18.299999999999997
42.30000000000006
92.40000000000008
32.699999999999996
20.999999999999993
39.29999999999998
24.299999999999994
42.900000000000034
24.299999999999994
21.599999999999998
20.699999999999992
20.699999999999992
40.800000000000004
20.099999999999994
20.39999999999999
22.199999999999992
20.099999999999994
27.899999999999988
39.60000000000001
20.999999999999993
79.80000000000007
56.100000000000016
32.099999999999994
71.99999999999993
19.499999999999996
20.399999999999995
55.20000000000003
34.5
23.39999999999999
75.00000000000004
72.6
34.2
20.099999999999994
59.10000000000003
74.70000000000009
55.200000000000045
25.499999999999982
78.30000000000011
17.099999999999998
51.300000000000004
18.899999999999995
36.899999999999984
20.99999999999999
39.3
20.699999999999992
59.099999999999994
19.499999999999993
41.39999999999998
122.39999999999986
50.39999999999999
25.499999999999993
39.900000000000006
42.90000000000001
27.899999999999988
22.199999999999992
33.89999999999999
52.199999999999996
39.899999999999984
50.700000000000045
104.39999999999989
21.300000000000004
37.50000000000001
19.499999999999993
26.699999999999992
21.299999999999994
24.600000000000016
64.20000000000007
22.499999999999993
43.50000000000006
48.30000000000002
21.89999999999999
33.30000000000001
53.400000000000034
120.29999999999947
77.09999999999994
36.59999999999999
97.50000000000007
41.40000000000001
16.799999999999997
15.899999999999997
19.800000000000004
18.299999999999994
29.999999999999993
75.3000000000001
49.50000000000004
32.69999999999999
39.9
29.699999999999985
79.80000000000005
21.900000000000006
33.30000000000003
61.80000000000004
52.200000000000024
37.2
41.70000000000002
17.099999999999994
49.8
41.70000000000002
15.899999999999995
48.300000000000054
16.799999999999997
37.8
21.89999999999999
39.299999999999976
51.30000000000002
34.19999999999998
51.900000000000034
33.59999999999998
39.600000000000016
18.599999999999998
31.2
26.999999999999993
22.49999999999999
41.70000000000001
36.90000000000001
53.40000000000003
60.0
15.299999999999995
31.200000000000024
28.49999999999999
47.700000000000024
17.999999999999996
57.900000000000055
72.6
21.59999999999999
42.00000000000001
17.099999999999998
45.90000000000002
22.499999999999993
21.899999999999995
69.00000000000011
14.699999999999996
36.6
56.100000000000044
68.70000000000006
41.40000000000001
93.30000000000013
18.299999999999997
40.500000000000014
49.2
52.80000000000004
65.10000000000005
22.499999999999993
47.700000000000024
76.50000000000009
44.70000000000002
18.89999999999999
20.999999999999993
72.6000000000001
19.799999999999994
23.69999999999999
53.10000000000004
65.4
37.199999999999996
72.00000000000007
32.09999999999998
66.00000000000003
47.10000000000002
21.59999999999999
39.90000000000002
46.500000000000014
37.5
99.30000000000007
46.200000000000024
24.299999999999994
21.899999999999995
41.399999999999984
35.09999999999999
20.39999999999999
72.29999999999993
50.10000000000002
61.800000000000054
45.60000000000002
52.800000000000026
19.500000000000004
44.70000000000002
76.80000000000008
40.5
130.79999999999964
25.499999999999982
23.699999999999996
22.199999999999992
38.09999999999999
29.099999999999994
23.099999999999994
42.30000000000001
66.29999999999998
15.600000000000001
57.300000000000026
29.699999999999978
25.199999999999985
47.10000000000002
29.999999999999993
35.69999999999998
68.10000000000004
20.699999999999992
15.599999999999998
42.30000000000001
53.10000000000003
15.600000000000001
25.19999999999999
47.700000000000024
47.700000000000024
45.300000000000004
23.999999999999996
67.80000000000005
80.99999999999982
28.199999999999985
75.29999999999991
24.59999999999999
59.10000000000003
106.80000000000008
22.499999999999993
38.7
95.40000000000009
20.7
24.000000000000007
20.999999999999993
40.79999999999999
49.50000000000003
38.10000000000001
31.799999999999997
18.299999999999997
57.00000000000002
17.4
21.599999999999994
21.59999999999999
36.59999999999998
25.19999999999999
21.89999999999999
25.49999999999999
52.50000000000001
71.4
19.799999999999994
23.999999999999993
33.29999999999999
81.29999999999988
21.899999999999995
29.99999999999999
26.999999999999982
42.9
25.50000000000001
20.099999999999998
40.79999999999999
30.599999999999973
64.50000000000004
23.399999999999984
41.70000000000001
36.29999999999998
23.99999999999999
117.0000000000001
38.999999999999986
37.19999999999999
59.69999999999995
15.899999999999995
33.29999999999999
31.499999999999986
37.5
93.89999999999999
20.099999999999994
25.49999999999999
70.80000000000007
108.60000000000001
20.999999999999993
18.89999999999999
32.099999999999994
54.300000000000026
38.999999999999986
164.0999999999995
28.79999999999999
127.5000000000001
23.999999999999993
81.00000000000003
23.999999999999986
38.1
18.899999999999995
51.90000000000002
34.49999999999999
61.49999999999997
16.499999999999996
40.8
31.49999999999999
33.29999999999999
63.60000000000007
86.10000000000012
17.699999999999996
39.00000000000001
69.60000000000007
51.600000000000016
94.50000000000011
21.600000000000005
51.89999999999999
94.20000000000005
119.70000000000002
46.500000000000014
51.30000000000003
19.499999999999996
43.500000000000014
23.39999999999999
44.40000000000003
42.000000000000014
40.500000000000014
38.100000000000016
84.6
20.399999999999995
23.39999999999999
44.100000000000016
27.89999999999999
24.299999999999986
22.499999999999993
37.199999999999996
19.499999999999993
24.00000000000001
79.49999999999997
57.60000000000005
38.400000000000006
21.89999999999999
44.39999999999997
57.60000000000003
46.19999999999998
39.900000000000006
23.999999999999993
20.699999999999992
20.399999999999995
54.60000000000008
107.40000000000016
53.700000000000024
16.2
32.09999999999999
17.699999999999996
64.50000000000004
20.099999999999994
92.40000000000006
62.99999999999994
34.50000000000003
44.7
42.30000000000004
22.500000000000007
56.10000000000002
40.800000000000026
34.80000000000002
15.3
40.500000000000014
17.400000000000002
18.299999999999997
64.2
38.699999999999996
17.999999999999996
20.399999999999995
59.70000000000005
55.50000000000003
54.60000000000001
20.399999999999995
20.099999999999994
18.599999999999998
16.499999999999996
17.699999999999996
50.40000000000001
44.69999999999999
16.8
21.89999999999999
18.899999999999995
42.000000000000014
39.59999999999996
23.100000000000016
15.599999999999998
17.699999999999996
51.90000000000004
31.499999999999986
19.800000000000004
24.89999999999999
63.600000000000016
39.300000000000004
48.000000000000014
68.99999999999997
37.800000000000004
41.39999999999998
70.50000000000003
20.699999999999996
30.59999999999998
38.40000000000001
20.699999999999996
57.60000000000003
20.999999999999993
21.599999999999998
51.60000000000002
22.499999999999993
36.599999999999994
17.099999999999994
16.499999999999996
36.59999999999998
95.69999999999987
19.799999999999994
66.60000000000002
56.99999999999999
15.299999999999997
23.09999999999999
45.60000000000002
43.80000000000003
55.80000000000002
60.000000000000036
22.19999999999999
61.20000000000008
69.60000000000007
47.10000000000001
18.000000000000004
69.60000000000008
19.499999999999996
25.499999999999993
19.199999999999996
31.50000000000003
86.10000000000011
18.899999999999995
43.19999999999999
29.39999999999998
24.29999999999999
54.00000000000004
65.10000000000001
22.199999999999992
22.799999999999994
32.39999999999999
25.199999999999992
37.800000000000004
23.399999999999988
47.69999999999998
17.399999999999995
19.799999999999994
18.3
17.699999999999996
36.600000000000016
33.9
18.899999999999995
23.699999999999992
39.29999999999997
34.79999999999998
18.599999999999994
21.60000000000001
41.399999999999984
23.099999999999994
18.299999999999994
37.199999999999996
87.3000000000001
19.800000000000008
41.099999999999994
44.100000000000016
54.60000000000003
29.099999999999994
25.799999999999983
41.99999999999998
27.59999999999999
27.599999999999987
42.300000000000004
64.20000000000005
41.100000000000016
42.30000000000001
31.799999999999986
17.999999999999993
20.09999999999999
35.69999999999998
26.10000000000002
19.199999999999996
21.599999999999994
73.80000000000007
49.199999999999974
15.899999999999999
19.499999999999993
34.5
57.30000000000004
24.89999999999999
55.500000000000014
20.699999999999992
17.399999999999995
38.10000000000002
90.60000000000008
19.2
28.200000000000006
39.00000000000001
76.50000000000009
23.099999999999994
82.50000000000013
19.499999999999996
66.00000000000009
34.49999999999999
17.999999999999996
40.79999999999998
89.10000000000001
54.60000000000001
36.299999999999976
63.00000000000004
18.900000000000006
67.20000000000006
23.09999999999999
54.600000000000044
19.799999999999997
42.299999999999976
43.2
17.699999999999996
18.299999999999994
18.899999999999995
24.299999999999994
23.699999999999992
23.999999999999993
22.199999999999996
35.69999999999997
61.50000000000006
18.299999999999994
45.60000000000003
45.300000000000026
18.299999999999994
21.299999999999994
74.10000000000005
80.40000000000009
23.699999999999992
16.2
23.999999999999993
41.10000000000001
20.699999999999992
40.50000000000001
72.30000000000003
19.200000000000003
37.80000000000001
58.799999999999905
105.30000000000014
36.0
73.80000000000007
19.799999999999997
20.39999999999999
29.39999999999998
97.80000000000011
116.10000000000018
