670856
215253
855257
455392
660531
25852
969734
343919
689874
426649
496979
133719
153208
396927
602376
554583
824816
149907
414838
828607
33470
653798
468374
883713
953084
483601
525384
433505
438832
981281
463955
287182
803025
122253
929083
53692
222491
805956
109045
229481
391006
604805
786729
537493
559297
646274
954603
731468
568821
234234
210897
488713
215272
855760
909907
122969
648625
337008
618248
3024
91982
5985
294112
26634
642032
664753
103464
600949
895028
245512
286050
683526
123984
91509
535096
457935
703353
1319
11204
618003
679080
428905
73015
149844
287492
533472
520857
159697
242527
277881
309275
779027
185235
681546
697127
577611
109097
62030
813631
832751
