92.70000000000009
57.600000000000044
449.4000000000004
486.59999999999883
317.0999999999992
727.2000000000056
783.900000000001
933.3000000000058
768.3000000000059
245.69999999999968
621.5999999999862
695.9999999999999
358.49999999999864
732.6000000000017
474.6000000000062
185.6999999999995
682.5000000000011
424.1999999999995
153.59999999999997
192.29999999999959
777.6000000000051
195.0
707.7000000000033
241.79999999999998
427.4999999999987
270.8999999999989
134.1
366.5999999999994
113.39999999999982
659.3999999999971
972.3000000000062
199.79999999999964
80.70000000000007
285.2999999999998
74.40000000000008
723.3
17.699999999999996
715.8000000000023
768.9000000000055
876.600000000007
368.09999999999866
591.9000000000036
774.3000000000037
17.699999999999996
235.49999999999935
229.1999999999994
623.1000000000001
575.0999999999998
159.89999999999964
232.19999999999985
786.6000000000024
757.8000000000045
855.2999999999976
625.7999999999922
796.5000000000036
763.5000000000008
154.19999999999942
306.6000000000011
73.19999999999985
19.2
53.09999999999993
644.7000000000019
331.7999999999989
896.9999999999992
386.39999999999964
858.300000000001
885.3000000000075
148.8000000000001
641.7000000000029
906.6000000000066
54.60000000000001
201.60000000000048
126.90000000000023
786.3000000000047
406.7999999999997
433.2000000000004
738.9000000000035
906.3000000000068
808.200000000004
208.49999999999983
574.7999999999942
179.4000000000004
650.7000000000036
380.4000000000007
768.2999999999992
201.00000000000009
308.9999999999986
786.6
729.8999999999997
634.4999999999972
184.79999999999967
236.99999999999946
248.3999999999999
179.39999999999912
452.4000000000013
364.7999999999981
250.19999999999945
686.6999999999912
825.900000000004
542.9999999999992
