33.00000000000001
21.60000000000001
26.400000000000013
41.399999999999984
28.5
48.300000000000026
36.0
22.199999999999996
60.900000000000055
22.799999999999994
26.39999999999999
23.1
33.59999999999999
18.89999999999999
66.29999999999993
40.20000000000003
53.99999999999997
28.5
105.29999999999997
68.09999999999997
30.300000000000004
32.69999999999999
22.199999999999996
63.30000000000008
95.3999999999999
21.89999999999999
26.40000000000002
30.30000000000001
25.499999999999996
30.300000000000004
51.29999999999998
37.20000000000001
17.4
23.699999999999992
20.699999999999996
19.499999999999993
112.19999999999993
26.69999999999999
22.499999999999993
68.10000000000001
24.29999999999999
43.80000000000002
55.799999999999955
39.599999999999994
62.99999999999993
23.399999999999995
51.29999999999999
30.900000000000006
32.7
23.99999999999999
54.60000000000004
28.80000000000002
57.000000000000014
57.00000000000006
19.199999999999992
23.099999999999984
29.399999999999988
23.999999999999993
54.60000000000005
55.19999999999999
44.40000000000001
23.99999999999999
32.39999999999999
42.30000000000001
45.90000000000005
32.100000000000016
26.69999999999999
23.399999999999995
51.00000000000005
79.5
45.60000000000004
90.9
60.60000000000005
25.79999999999999
21.299999999999994
27.300000000000004
28.500000000000004
37.500000000000036
33.3
54.0
27.600000000000005
48.90000000000006
21.599999999999998
14.1
38.400000000000006
26.39999999999999
90.90000000000012
33.59999999999998
18.899999999999995
23.099999999999994
45.6
29.999999999999996
43.80000000000004
17.999999999999996
20.699999999999992
60.59999999999997
25.19999999999999
48.900000000000055
15.899999999999999
24.599999999999987
